34070430
3591500
63755077
-281658705
612084122
1237370
-614407483
6466383
142008772
159903828
519789334
5345308
67003160
59943719
230984693
17213247
-84807212
3943982
-335082486
65474962
608141125
-4949678
739176667
826830446
-748278641
395320303
15673754
359440895
31143402
147210700
364560500
606768471
624579538
944694642
652222650
3723720
-912526546
510249177
515147524
54878180
41350942
51590584
0
-864960403
222449540
973502240
17051552
312580148
-29236757
342807702
-655241720
304636522
376976820
-343944955
38366030
4740784
22373802
206309952
-398746361
2464200
289931692
30145505
0
-874005478
162730872
-376166720
565166269
969208312
383468593
61932094
208130292
6509195
177234992
-945035383
38782502
111184766
906951163
-907039928
0
99874948
165185118
-292553800
8250
99951068
0
954736706
416452593
10413929
480364253
0
70522162
94823826
584118510
-72075979
319183677
699022078
-996816150
1731471
697808566
534300919
-447889959
14268800
-672292984
1843240
-908090566
5189760
0
79469068
-78803798
425399746
297211024
-504679617
42314976
96146919
293618918
0
279279590
2417376
297333348
361881002
523379684
18447908
-651875636
306665744
15106176
58135118
-231973595
0
509522034
0
-943902595
0
96622999
4112064
102600282
56944388
483344679
-448910547
151094076
-547522390
-499271650
310793562
702669147
714312677
-74097508
0
41790850
253328934
991844622
382796698
278149561
954094893
2731938
434112530
69912314
188817341
31687814
558462293
-644260057
647554226
1177554
91504428
-759503938
28132562
326301782
30643830
25238832
157339317
308488463
160827657
61521542
665623667
-311725864
166440747
-295853066
127051110
681308064
0
0
-131618624
450361766
785083234
492983131
0
44595048
402262194
-656401235
42379773
103032302
11300718
23964630
744679196
61743702
285302160
39676145
-988374574
-837564147
0
-429288220
22835863
693728344
297631932
99711489
363274208
475300696
779257720
13419418
295453422
650496750
480943158
787729067
671297411
0
244994054
978037350
-402428859
68792177
0
-970333281
0
31425104
648218735
53105285
325562632
496344355
0
54658772
571313683
-325731712
766579625
537241995
205825088
-665252363
3478596
66533772
239204045
773737095
283439190
-645132024
3709680
-800824327
-934631818
37195443
902184280
0
30103547
20330968
0
62684634
41937756
527020264
433026316
196895884
3319920
0
16814380
-100158020
31437136
6762875
-849925115
604941197
634893242
0
136223278
-131931012
-72518514
0
9440955
45098432
-785833217
203908950
230196620
33337562
324505235
-684572863
83916
449423242
278415168
958491054
0
-46410332
323604522
-817519716
-351165169
509296
2809611
10234597
470696818
260124995
8537608
514394613
112499140
92944780
794948774
216466730
925235457
-459655949
0
177980582
149421837
293880220
0
-870160281
313283344
0
67296907
979391994
169048299
349106824
638645231
-13912962
-24148393
14558334
669490447
0
5055804
0
0
21183312
212627908
-881840271
189031962
0
127286227
41793525
-864078683
48774983
4918419
-846280295
379098625
60259494
38389603
280064721
0
0
10864953
-896675625
175503433
830327525
197028550
-94879064
-486009511
472229862
216434051
606099739
20282983
0
101218336
480426331
628210077
-846512301
-325703489
-33792991
0
-653549558
-554847671
290258104
306472146
131602550
136456073
16964030
-956310770
100738375
77817838
151321228
57533690
0
0
0
-623616801
631111760
125838330
470667644
788320540
390404209
67457348
996493316
53350185
0
780292907
57762446
1182768
86486633
-730797401
992321955
7826868
842111980
0
-15075775
154950498
373358991
81842740
0
384708110
0
105283498
925776142
634201835
429695647
755008138
394805447
-114197682
-274801003
173537147
-962179984
0
67733242
30213320
-772113023
109375294
28045470
-730034505
-840183136
0
-605615695
67649916
158812634
-556391147
129191063
555750473
0
17190245
358349576
-475616306
-285399214
844353666
46829674
47826262
513286839
-906968856
135345048
826264391
131375670
220618585
322417824
339686116
44367832
520441072
188515295
806174398
602066326
49319836
6589315
-93476335
258578788
0
516105718
23160012
7262640
0
-77311901
-813990296
71933332
-118970753
196545469
-267442435
-420412939
613268940
329716582
181296483
58330217
315521410
24178906
576870
489576395
135636636
0
-643598876
310851479
98127919
67157244
-181470857
-130653308
477254038
15656
487456962
0
14601720
343610054
11373615
16595784
-314725814
238405062
99798141
108212924
200840526
320622964
397083330
31675964
378748211
711366660
169064676
-338926163
65926082
571125546
457229360
107535477
175825065
119312208
896454738
142959347
0
76978940
153652206
0
-438903968
534726612
108333776
34694805
316162144
623362322
736049856
-640863551
60928155
16373280
426247292
41474806
3594312
0
-495140427
-401296570
-114785630
-999866009
81511107
0
-294833641
634366974
-436231410
246803386
573297574
974839645
314812044
269479718
71343984
11059530
168795018
0
40229550
-205982405
-236431606
0
141609324
2354545
4410621
36359888
717895267
0
119657163
0
-167634195
-118557566
10181556
89580848
443437856
811998778
140026861
23881005
267219794
27918085
868613739
862082436
28716826
133529166
-129979586
321997115
128955538
0
45470778
0
30513183
708227360
888763511
944436
0
17306058
48962786
24950064
233598167
176840166
-136174729
98522958
3614940
14554280
0
493874848
741737157
4382483
-396363071
860926940
1584544
137309500
-881762364
695661568
231428907
497891343
374298828
844346536
239138192
-831696008
0
770854493
295679793
-734408305
0
696432200
667438721
928379830
257181633
445598454
-613250282
6066984
-304640989
0
45271132
-111027513
118386681
-744998861
181839480
50523746
198885459
200461650
0
424471332
-364699305
40011338
5809240
-188719389
-196828455
-955592792
667094567
37523196
649291850
364522458
89031436
18054066
93993751
205508068
-622566250
14272997
-3132452
54261800
-546674908
218646734
97831261
0
0
175047001
303551550
780647569
652275004
367503990
-807311770
6450120
15687150
781283729
-494647539
5848285
-78092621
0
501250711
34568712
13152780
1931470
271124627
50393950
399001872
0
9598286
323054778
28829053
96450108
2998800
0
0
-962878480
35816752
0
-227965590
1169280
-290940925
863593082
6017718
56003536
30698158
545352786
78523650
37524042
-408895888
91410994
0
-882097851
-970106542
-51796352
-741154904
-131064820
923002981
939648198
45697786
0
0
-303288917
611703078
151798127
0
590761252
48968257
47184842
93764802
-734188857
0
-188496890
719889985
-392388880
10884941
-179516665
2404512
533061830
503397407
558795438
10180122
350846624
918436551
122703141
8569024
-783852899
885567892
31558173
450513157
953474960
13006632
20869432
-708316383
-927892687
0
-370691845
-593333847
-135333433
169331744
168716627
179545456
108107951
586912816
906092251
-675952138
103578966
75009652
116195087
-492526276
698399891
785577637
0
72815525
489809050
136095464
117721932
711385291
4105890
159739180
56597635
46060333
245886431
34712396
740751083
741908696
163521950
-379304983
-871072992
-500435521
90085768
55064507
-235991796
662948682
-16579975
5886282
507146318
8264392
-210824023
5367881
691950720
-868113945
-442970154
882159635
102011420
14747600
403705441
366857575
755236425
-582313276
-415004576
512915465
392221490
174242088
0
387474170
-966050180
291443967
813586442
-239013548
-35542439
206702472
0
-925383705
107375097
-979301056
934692678
559440
38451088
36378929
308898019
91038170
26507581
10951640
10269688
-732815450
1564920
-587398628
95370292
0
53240400
0
2234286
-567692119
8930358
758990972
249600
402633468
139644426
157200826
225722832
0
4981836
-231569402
68886500
-902071059
-112295053
0
-739702822
-447696483
-994006794
-239152319
48401680
467968315
0
0
449440748
-746994661
668088764
130906760
43803710
943198319
186409392
-429614749
52329128
-60639737
508998011
0
37972693
100217820
61295730
-368148853
270036048
115231399
-588142403
49234061
0
288774021
-163672288
-387460845
-116795871
511659736
-861526948
1792266
648876823
156439772
229181057
83902536
3207696
-939226746
64207003
199336799
-34725575
154836577
575318122
923913974
-432482229
23590452
4871634
71727374
0
0
143857466
14252848
-606676332
79918008
432095843
0
801101377
-473978635
912090400
204860248
2091294
1093830
455591387
538971596
-143820420
159870661
1219518
0
543514076
36064
24413730
399304945
8924472
0
0
-698777760
372196291
-456796547
2559200
677532939
0
-553496126
685075328
0
567632574
891358666
456184593
251097124
105568141
2493120
23411415
44947074
527187148
957695250
6340740
26541096
0
455267154
711744510
40271790
2488800
-64350264
546827205
686192990
661355731
0
911936427
-723710250
825223324
63100266
0
26648834
-781704993
-992745127
-527991415
-576138076
56646423
13547520
-841202532
239052120
304294916
6948968
0
0
1034194
126470073
650702998
0
6719174
-49492616
124000667
29466840
-198616437
-648982066
147108657
942313105
6107868
0
868509717
2820433
775484787
374768043
292772688
-164716367
17844570
-634414574
693950846
341631864
79783886
21796050
86321866
-974219067
41131338
-446107173
6482241
25858826
-472038741
670873740
1861160
0
373542407
33192765
0
14661612
441911001
111608966
255800118
32598952
0
6830950
826154256
-932552952
-572724629
-26672074
-423831515
191192762
119915430
0
2112519
501659
0
98331152
785019264
-293606983
876762802
26727864
136154948
-554441187
306357424
-539114293
24807888
886439725
764427533
339696375
345419177
324545477
-133200077
9177705
858034447
-382425571
663658116
3053160
28418346
307509050
397363735
-60921374
-22558892
344918378
548966923
26131326
-624898879
878851799
-51736863
0
-723245458
132518436
176566001
317302870
0
603827303
-120014964
11507130
476320185
-8211260
-4620189
9393290
-496151865
323357136
0
24502464
29120979
13648338
127099970
149794543
189059567
920963404
517115967
0
444664460
607935497
-168835375
303433876
345546
154316110
1025492
-116800933
745762424
591483556
426256585
7315740
333032871
175428287
902031110
73519912
1905090
94155854
-384404083
15182271
446865750
18745418
690872152
-490593652
560110364
498611689
709933780
-106092418
0
-643940414
309121107
604788480
-841980808
-127746826
62937920
0
2287170
502133000
-61495216
305012704
213047482
422265574
530224053
5000940
-651304823
162624430
265515039
-925159820
1922025
0
468646876
193264841
677722789
-688952831
-132639236
0
580278228
72082433
111917056
729695169
224926381
-511688429
0
665699986
7667305
808408576
-360645310
565809672
-162543102
33810906
903087988
322373738
-532410566
288151464
-637582917
92246234
237715382
8349615
104550251
822120
71285227
889608676
830211223
-61998703
419962234
0
0
589959420
154535985
6844180
93354492
-943405938
246737025
11646306
590464487
3662008
95023529
988059379
527064081
642403390
713204394
0
669330047
247135201
419520656
-163598634
-97885179
-307528076
693360
0
-257253626
295032730
10313658
546103930
85102415
28933584
78075762
-331025308
1044000
1212600
772325432
-615497947
866618830
-508370823
105330234
-531597161
206543682
388535321
-676395199
5236749
0
-824505507
65044650
212700626
0
